227 10 23
0
#Vertices
274
#Colors
255 255 255
255 255 255
255 255 255
255 255 255
255 255 255
255 255 255
255 255 255
255 255 255
255 255 255
255 255 255
255 255 255
20 20 20
255 255 255
255 255 255
255 255 255
255 255 255
255 255 255
255 255 255
255 255 255
255 255 255
255 255 255
255 255 255
255 255 255
255 255 255
255 255 255
255 255 255
255 255 255
255 255 255
255 255 255
255 255 255
255 255 255
255 255 255
255 255 255
255 255 255
255 255 255
255 255 255
255 255 255
255 255 255
255 255 255
255 255 255
255 255 255
255 255 255
255 255 255
255 255 255
255 255 255
255 255 255
255 255 255
255 255 255
255 255 255
255 255 255
255 255 255
255 255 255
255 255 255
255 255 255
255 255 255
255 255 255
255 255 255
255 255 255
255 255 255
255 255 255
255 255 255
255 255 255
255 255 255
255 255 255
255 255 255
255 255 255
255 255 255
255 255 255
255 255 255
255 255 255
255 255 255
255 255 255
255 255 255
255 255 255
255 255 255
255 255 255
255 255 255
255 255 255
255 255 255
255 255 255
255 255 255
255 255 255
255 255 255
255 255 255
255 255 255
255 255 255
255 255 255
255 255 255
255 255 255
255 255 255
255 255 255
255 255 255
255 255 255
255 255 255
255 255 255
255 255 255
255 255 255
255 255 255
255 255 255
255 255 255
255 255 255
255 255 255
255 255 255
255 255 255
255 255 255
255 255 255
255 255 255
255 255 255
255 255 255
255 255 255
255 255 255
255 255 255
255 255 255
255 255 255
255 255 255
255 255 255
255 255 255
255 255 255
255 255 255
255 255 255
255 255 255
255 255 255
255 255 255
255 255 255
255 255 255
255 255 255
255 255 255
255 255 255
255 255 255
255 255 255
255 255 255
255 255 255
255 255 255
255 255 255
255 255 255
255 255 255
255 255 255
255 255 255
255 255 255
255 255 255
255 255 255
255 255 255
255 255 255
255 255 255
255 255 255
255 255 255
255 255 255
255 255 255
255 255 255
255 255 255
255 255 255
255 255 255
255 255 255
255 255 255
255 255 255
255 255 255
255 255 255
255 255 255
255 255 255
255 255 255
255 255 255
255 255 255
255 255 255
255 255 255
255 255 255
255 255 255
255 255 255
255 255 255
255 255 255
255 255 255
255 255 255
255 255 255
255 255 255
255 255 255
20 20 20
227 10 23
227 10 23
227 10 23
227 10 23
227 10 23
227 10 23
227 10 23
227 10 23
227 10 23
227 10 23
227 10 23
227 10 23
227 10 23
227 10 23
227 10 23
227 10 23
227 10 23
227 10 23
227 10 23
227 10 23
227 10 23
227 10 23
227 10 23
227 10 23
227 10 23
227 10 23
227 10 23
227 10 23
227 10 23
227 10 23
227 10 23
227 10 23
227 10 23
227 10 23
227 10 23
227 10 23
227 10 23
227 10 23
227 10 23
227 10 23
227 10 23
227 10 23
227 10 23
227 10 23
227 10 23
227 10 23
227 10 23
227 10 23
227 10 23
227 10 23
227 10 23
227 10 23
227 10 23
227 10 23
227 10 23
227 10 23
227 10 23
227 10 23
227 10 23
227 10 23
227 10 23
227 10 23
227 10 23
227 10 23
227 10 23
227 10 23
227 10 23
227 10 23
227 10 23
227 10 23
227 10 23
227 10 23
227 10 23
227 10 23
227 10 23
227 10 23
227 10 23
227 10 23
227 10 23
227 10 23
227 10 23
227 10 23
227 10 23
227 10 23
227 10 23
227 10 23
227 10 23
227 10 23
227 10 23
227 10 23
227 10 23
227 10 23
227 10 23
227 10 23
227 10 23
227 10 23
227 10 23
227 10 23
20 20 20
#Positions
0 5 30
-4.75528258148 1.54508497187 30
-2.93892626146 -4.04508497187 30
2.93892626146 -4.04508497187 30
4.75528258148 1.54508497187 30
-1.18882064537 1.63627124297 30
-1.92355221073 -0.625 30
0 -2.02254248594 30
1.92355221073 -0.625 30
1.18882064537 1.63627124297 30
0 0 30
0 0 25
-10 0.0 0
-9.75 2.22204860433 0
-9.5 3.1224989992 0
-9.25 3.79967103839 0
-9.0 4.35889894354 0
-8.75 4.84122918276 0
-8.5 5.26782687643 0
-8.25 5.65132727773 0
-8.0 6.0 0
-7.75 6.31961232988 0
-7.5 6.61437827766 0
-7.25 6.88748865698 0
-7.0 7.14142842854 0
-6.75 7.37817728169 0
-6.5 7.59934207679 0
-6.25 7.806247498 0
-6.0 8.0 0
-5.75 8.18153408598 0
-5.5 8.35164654425 0
-5.25 8.51102226527 0
-5.0 8.66025403784 0
-4.75 8.7998579534 0
-4.5 8.93028554975 0
-4.25 9.05193349512 0
-4.0 9.16515138991 0
-3.75 9.27024810887 0
-3.5 9.3674969976 0
-3.25 9.45714015969 0
-3.0 9.53939201417 0
-2.75 9.61444226151 0
-2.5 9.68245836552 0
-2.25 9.74358763495 0
-2.0 9.79795897113 0
-1.75 9.84568433376 0
-1.5 9.88685996664 0
-1.25 9.92156741649 0
-1.0 9.94987437107 0
-0.75 9.97183533759 0
-0.5 9.98749217772 0
-0.25 9.99687451157 0
0.0 10.0 0
0.25 9.99687451157 0
0.5 9.98749217772 0
0.75 9.97183533759 0
1.0 9.94987437107 0
1.25 9.92156741649 0
1.5 9.88685996664 0
1.75 9.84568433376 0
2.0 9.79795897113 0
2.25 9.74358763495 0
2.5 9.68245836552 0
2.75 9.61444226151 0
3.0 9.53939201417 0
3.25 9.45714015969 0
3.5 9.3674969976 0
3.75 9.27024810887 0
4.0 9.16515138991 0
4.25 9.05193349512 0
4.5 8.93028554975 0
4.75 8.7998579534 0
5.0 8.66025403784 0
5.25 8.51102226527 0
5.5 8.35164654425 0
5.75 8.18153408598 0
6.0 8.0 0
6.25 7.806247498 0
6.5 7.59934207679 0
6.75 7.37817728169 0
7.0 7.14142842854 0
7.25 6.88748865698 0
7.5 6.61437827766 0
7.75 6.31961232988 0
8.0 6.0 0
8.25 5.65132727773 0
8.5 5.26782687643 0
8.75 4.84122918276 0
9.0 4.35889894354 0
9.25 3.79967103839 0
9.5 3.1224989992 0
9.75 2.22204860433 0
10.0 0.0 0
9.75 -2.22204860433 0
9.5 -3.1224989992 0
9.25 -3.79967103839 0
9.0 -4.35889894354 0
8.75 -4.84122918276 0
8.5 -5.26782687643 0
8.25 -5.65132727773 0
8.0 -6.0 0
7.75 -6.31961232988 0
7.5 -6.61437827766 0
7.25 -6.88748865698 0
7.0 -7.14142842854 0
6.75 -7.37817728169 0
6.5 -7.59934207679 0
6.25 -7.806247498 0
6.0 -8.0 0
5.75 -8.18153408598 0
5.5 -8.35164654425 0
5.25 -8.51102226527 0
5.0 -8.66025403784 0
4.75 -8.7998579534 0
4.5 -8.93028554975 0
4.25 -9.05193349512 0
4.0 -9.16515138991 0
3.75 -9.27024810887 0
3.5 -9.3674969976 0
3.25 -9.45714015969 0
3.0 -9.53939201417 0
2.75 -9.61444226151 0
2.5 -9.68245836552 0
2.25 -9.74358763495 0
2.0 -9.79795897113 0
1.75 -9.84568433376 0
1.5 -9.88685996664 0
1.25 -9.92156741649 0
1.0 -9.94987437107 0
0.75 -9.97183533759 0
0.5 -9.98749217772 0
0.25 -9.99687451157 0
0.0 -10.0 0
-0.25 -9.99687451157 0
-0.5 -9.98749217772 0
-0.75 -9.97183533759 0
-1.0 -9.94987437107 0
-1.25 -9.92156741649 0
-1.5 -9.88685996664 0
-1.75 -9.84568433376 0
-2.0 -9.79795897113 0
-2.25 -9.74358763495 0
-2.5 -9.68245836552 0
-2.75 -9.61444226151 0
-3.0 -9.53939201417 0
-3.25 -9.45714015969 0
-3.5 -9.3674969976 0
-3.75 -9.27024810887 0
-4.0 -9.16515138991 0
-4.25 -9.05193349512 0
-4.5 -8.93028554975 0
-4.75 -8.7998579534 0
-5.0 -8.66025403784 0
-5.25 -8.51102226527 0
-5.5 -8.35164654425 0
-5.75 -8.18153408598 0
-6.0 -8.0 0
-6.25 -7.806247498 0
-6.5 -7.59934207679 0
-6.75 -7.37817728169 0
-7.0 -7.14142842854 0
-7.25 -6.88748865698 0
-7.5 -6.61437827766 0
-7.75 -6.31961232988 0
-8.0 -6.0 0
-8.25 -5.65132727773 0
-8.5 -5.26782687643 0
-8.75 -4.84122918276 0
-9.0 -4.35889894354 0
-9.25 -3.79967103839 0
-9.5 -3.1224989992 0
-9.75 -2.22204860433 0
-10 -0.0 0
0 0 0
0 0 -10
-6 0.0 10
-5.75 1.7139136501 10
-5.5 2.39791576166 10
-5.25 2.90473750966 10
-5.0 3.31662479036 10
-4.75 3.66571957465 10
-4.5 3.9686269666 10
-4.25 4.23526858652 10
-4.0 4.472135955 10
-3.75 4.6837484988 10
-3.5 4.8733971724 10
-3.25 5.04356025046 10
-3.0 5.19615242271 10
-2.75 5.33268225193 10
-2.5 5.45435605732 10
-2.25 5.56214886532 10
-2.0 5.65685424949 10
-1.75 5.73912014162 10
-1.5 5.80947501931 10
-1.25 5.86834729715 10
-1.0 5.9160797831 10
-0.75 5.9529404499 10
-0.5 5.97913037155 10
-0.25 5.99478940414 10
0.0 6.0 10
0.25 5.99478940414 10
0.5 5.97913037155 10
0.75 5.9529404499 10
1.0 5.9160797831 10
1.25 5.86834729715 10
1.5 5.80947501931 10
1.75 5.73912014162 10
2.0 5.65685424949 10
2.25 5.56214886532 10
2.5 5.45435605732 10
2.75 5.33268225193 10
3.0 5.19615242271 10
3.25 5.04356025046 10
3.5 4.8733971724 10
3.75 4.6837484988 10
4.0 4.472135955 10
4.25 4.23526858652 10
4.5 3.9686269666 10
4.75 3.66571957465 10
5.0 3.31662479036 10
5.25 2.90473750966 10
5.5 2.39791576166 10
5.75 1.7139136501 10
6.0 0.0 10
5.75 -1.7139136501 10
5.5 -2.39791576166 10
5.25 -2.90473750966 10
5.0 -3.31662479036 10
4.75 -3.66571957465 10
4.5 -3.9686269666 10
4.25 -4.23526858652 10
4.0 -4.472135955 10
3.75 -4.6837484988 10
3.5 -4.8733971724 10
3.25 -5.04356025046 10
3.0 -5.19615242271 10
2.75 -5.33268225193 10
2.5 -5.45435605732 10
2.25 -5.56214886532 10
2.0 -5.65685424949 10
1.75 -5.73912014162 10
1.5 -5.80947501931 10
1.25 -5.86834729715 10
1.0 -5.9160797831 10
0.75 -5.9529404499 10
0.5 -5.97913037155 10
0.25 -5.99478940414 10
0.0 -6.0 10
-0.25 -5.99478940414 10
-0.5 -5.97913037155 10
-0.75 -5.9529404499 10
-1.0 -5.9160797831 10
-1.25 -5.86834729715 10
-1.5 -5.80947501931 10
-1.75 -5.73912014162 10
-2.0 -5.65685424949 10
-2.25 -5.56214886532 10
-2.5 -5.45435605732 10
-2.75 -5.33268225193 10
-3.0 -5.19615242271 10
-3.25 -5.04356025046 10
-3.5 -4.8733971724 10
-3.75 -4.6837484988 10
-4.0 -4.472135955 10
-4.25 -4.23526858652 10
-4.5 -3.9686269666 10
-4.75 -3.66571957465 10
-5.0 -3.31662479036 10
-5.25 -2.90473750966 10
-5.5 -2.39791576166 10
-5.75 -1.7139136501 10
-6 -0.0 10
0 0 10
0 0 8
#Translations
16
1 0 0
-1 0 0
0.5 0 0
-0.5 0 0
0 1 0
0 -1 0
0 0.5 0
0 -0.5 0
0 0.25 0
0 -0.25 0
0.25 0 0
-0.25 0 0
10 0 0
-10 0 0
5 0 0
-5 0 0
#Scalings
8
1.5 1.5 1.5
5 5 5
0.5 0.5 0.5
2 2 2
1.25 1.25 1.25
0.8 0.8 0.8
0.95 0.95 0.95
1.4 1.4 1.4
#Rotations
11
180 1 0 0
60 0 1 0
60 0 0 1
30 0 1 1
45 0 0 0
100 0 1 1
72 0 0 1
288 0 0 1
144 0 0 1
216 0 0 1
306 0 0 1
#Models
1
1
1
5
s 3
s 7
r 11
t 15
t 2
20
1 6 10
2 7 6
3 8 7
4 9 8
5 10 9
11 10 6
11 9 10
11 8 9
11 7 8
11 6 7
1 10 12
1 12 6
5 12 10
5 9 12
4 12 9
4 8 12
3 12 8
3 7 12
2 12 7
2 6 12
1 12 6
