u: 
(1.000000,-0.000000,0.000000)
v: 
(0.000000,0.980581,0.196116)
w: 
(-0.000000,-0.196116,0.980581)
cam.pos: 
(0.000000,0.000000,60.000000)
(-10.000000,0.000000,0.000000)
(-10.000000,-11.766968,-58.834841)

(-10.000000,0.000000,-10.000000)
(-10.000000,-13.728129,-68.640647)

(0.000000,5.000000,-15.000000)
(0.000000,-9.805807,-74.524131)

(10.000000,0.000000,-10.000000)
(10.000000,-13.728129,-68.640647)

(10.000000,0.000000,0.000000)
(10.000000,-11.766968,-58.834841)

(-10.000000,0.000000,-10.000000)
(-10.000000,-13.728129,-68.640647)

(-10.000000,0.000000,-20.000000)
(-10.000000,-15.689291,-78.446454)

(0.000000,10.000000,-15.000000)
(0.000000,-4.902903,-75.504712)

(10.000000,0.000000,-20.000000)
(10.000000,-15.689291,-78.446454)

(10.000000,0.000000,-10.000000)
(10.000000,-13.728129,-68.640647)

(-10.000000,0.000000,-20.000000)
(-10.000000,-15.689291,-78.446454)

(-10.000000,0.000000,-30.000000)
(-10.000000,-17.650452,-88.252261)

(0.000000,20.000000,-25.000000)
(0.000000,2.941742,-87.271680)

(10.000000,0.000000,-30.000000)
(10.000000,-17.650452,-88.252261)

(10.000000,0.000000,-20.000000)
(10.000000,-15.689291,-78.446454)

(-10.000000,-11.766968,-58.834841)
(-10.000000,-13.728129,-68.640647)
(0.000000,-9.805807,-74.524131)
(10.000000,-13.728129,-68.640647)
(10.000000,-11.766968,-58.834841)
(-10.000000,-13.728129,-68.640647)
(-10.000000,-15.689291,-78.446454)
(0.000000,-4.902903,-75.504712)
(10.000000,-15.689291,-78.446454)
(10.000000,-13.728129,-68.640647)
(-10.000000,-15.689291,-78.446454)
(-10.000000,-17.650452,-88.252261)
(0.000000,2.941742,-87.271680)
(10.000000,-17.650452,-88.252261)
(10.000000,-15.689291,-78.446454)

Starting viewing transform ...
u: 
(1.000000,-0.000000,0.000000)
v: 
(0.000000,0.941742,0.336336)
w: 
(-0.000000,-0.336336,0.941742)
cam.pos: 
(0.000000,-10.000000,45.000000)
(-10.000000,0.000000,0.000000)
(-10.000000,-5.717719,-45.741750)

(-10.000000,0.000000,-10.000000)
(-10.000000,-9.081083,-55.159169)

(0.000000,5.000000,-15.000000)
(0.000000,-6.054055,-61.549561)

(10.000000,0.000000,-10.000000)
(10.000000,-9.081083,-55.159169)

(10.000000,0.000000,0.000000)
(10.000000,-5.717719,-45.741750)

(-10.000000,0.000000,-10.000000)
(-10.000000,-9.081083,-55.159169)

(-10.000000,0.000000,-20.000000)
(-10.000000,-12.444447,-64.576588)

(0.000000,10.000000,-15.000000)
(0.000000,-1.345346,-63.231243)

(10.000000,0.000000,-20.000000)
(10.000000,-12.444447,-64.576588)

(10.000000,0.000000,-10.000000)
(10.000000,-9.081083,-55.159169)

(-10.000000,0.000000,-20.000000)
(-10.000000,-12.444447,-64.576588)

(-10.000000,0.000000,-30.000000)
(-10.000000,-15.807811,-73.994007)

(0.000000,20.000000,-25.000000)
(0.000000,4.708710,-76.012026)

(10.000000,0.000000,-30.000000)
(10.000000,-15.807811,-73.994007)

(10.000000,0.000000,-20.000000)
(10.000000,-12.444447,-64.576588)

(-10.000000,-5.717719,-45.741750)
(-10.000000,-9.081083,-55.159169)
(0.000000,-6.054055,-61.549561)
(10.000000,-9.081083,-55.159169)
(10.000000,-5.717719,-45.741750)
(-10.000000,-9.081083,-55.159169)
(-10.000000,-12.444447,-64.576588)
(0.000000,-1.345346,-63.231243)
(10.000000,-12.444447,-64.576588)
(10.000000,-9.081083,-55.159169)
(-10.000000,-12.444447,-64.576588)
(-10.000000,-15.807811,-73.994007)
(0.000000,4.708710,-76.012026)
(10.000000,-15.807811,-73.994007)
(10.000000,-12.444447,-64.576588)

Starting viewing transform ...
u: 
(1.000000,-0.000000,0.000000)
v: 
(0.000000,0.819232,0.573462)
w: 
(-0.000000,-0.573462,0.819232)
cam.pos: 
(0.000000,-25.000000,30.000000)
(-10.000000,0.000000,0.000000)
(-10.000000,3.276928,-38.913516)

(-10.000000,0.000000,-10.000000)
(-10.000000,-2.457696,-47.105835)

(0.000000,5.000000,-15.000000)
(0.000000,-1.228848,-54.069307)

(10.000000,0.000000,-10.000000)
(10.000000,-2.457696,-47.105835)

(10.000000,0.000000,0.000000)
(10.000000,3.276928,-38.913516)

(-10.000000,0.000000,-10.000000)
(-10.000000,-2.457696,-47.105835)

(-10.000000,0.000000,-20.000000)
(-10.000000,-8.192319,-55.298155)

(0.000000,10.000000,-15.000000)
(0.000000,2.867312,-56.936618)

(10.000000,0.000000,-20.000000)
(10.000000,-8.192319,-55.298155)

(10.000000,0.000000,-10.000000)
(10.000000,-2.457696,-47.105835)

(-10.000000,0.000000,-20.000000)
(-10.000000,-8.192319,-55.298155)

(-10.000000,0.000000,-30.000000)
(-10.000000,-13.926943,-63.490474)

(0.000000,20.000000,-25.000000)
(0.000000,5.325007,-70.863561)

(10.000000,0.000000,-30.000000)
(10.000000,-13.926943,-63.490474)

(10.000000,0.000000,-20.000000)
(10.000000,-8.192319,-55.298155)

(-10.000000,3.276928,-38.913516)
(-10.000000,-2.457696,-47.105835)
(0.000000,-1.228848,-54.069307)
(10.000000,-2.457696,-47.105835)
(10.000000,3.276928,-38.913516)
(-10.000000,-2.457696,-47.105835)
(-10.000000,-8.192319,-55.298155)
(0.000000,2.867312,-56.936618)
(10.000000,-8.192319,-55.298155)
(10.000000,-2.457696,-47.105835)
(-10.000000,-8.192319,-55.298155)
(-10.000000,-13.926943,-63.490474)
(0.000000,5.325007,-70.863561)
(10.000000,-13.926943,-63.490474)
(10.000000,-8.192319,-55.298155)

Starting viewing transform ...
u: 
(1.000000,-0.000000,0.000000)
v: 
(0.000000,0.447214,0.894427)
w: 
(-0.000000,-0.894427,0.447214)
cam.pos: 
(0.000000,-35.000000,10.000000)
(-10.000000,0.000000,0.000000)
(-10.000000,6.708204,-35.777088)

(-10.000000,0.000000,-10.000000)
(-10.000000,-2.236068,-40.249224)

(0.000000,5.000000,-15.000000)
(0.000000,-4.472136,-46.957428)

(10.000000,0.000000,-10.000000)
(10.000000,-2.236068,-40.249224)

(10.000000,0.000000,0.000000)
(10.000000,6.708204,-35.777088)

(-10.000000,0.000000,-10.000000)
(-10.000000,-2.236068,-40.249224)

(-10.000000,0.000000,-20.000000)
(-10.000000,-11.180340,-44.721360)

(0.000000,10.000000,-15.000000)
(0.000000,-2.236068,-51.429563)

(10.000000,0.000000,-20.000000)
(10.000000,-11.180340,-44.721360)

(10.000000,0.000000,-10.000000)
(10.000000,-2.236068,-40.249224)

(-10.000000,0.000000,-20.000000)
(-10.000000,-11.180340,-44.721360)

(-10.000000,0.000000,-30.000000)
(-10.000000,-20.124612,-49.193496)

(0.000000,20.000000,-25.000000)
(0.000000,-6.708204,-64.845971)

(10.000000,0.000000,-30.000000)
(10.000000,-20.124612,-49.193496)

(10.000000,0.000000,-20.000000)
(10.000000,-11.180340,-44.721360)

(-10.000000,6.708204,-35.777088)
(-10.000000,-2.236068,-40.249224)
(0.000000,-4.472136,-46.957428)
(10.000000,-2.236068,-40.249224)
(10.000000,6.708204,-35.777088)
(-10.000000,-2.236068,-40.249224)
(-10.000000,-11.180340,-44.721360)
(0.000000,-2.236068,-51.429563)
(10.000000,-11.180340,-44.721360)
(10.000000,-2.236068,-40.249224)
(-10.000000,-11.180340,-44.721360)
(-10.000000,-20.124612,-49.193496)
(0.000000,-6.708204,-64.845971)
(10.000000,-20.124612,-49.193496)
(10.000000,-11.180340,-44.721360)

Starting viewing transform ...
u: 
(1.000000,-0.000000,0.000000)
v: 
(0.000000,0.316228,0.948683)
w: 
(-0.000000,-0.948683,0.316228)
cam.pos: 
(0.000000,-40.000000,2.000000)
(-10.000000,0.000000,0.000000)
(-10.000000,10.751744,-38.579787)

(-10.000000,0.000000,-10.000000)
(-10.000000,1.264911,-41.742065)

(0.000000,5.000000,-15.000000)
(0.000000,-1.897367,-48.066620)

(10.000000,0.000000,-10.000000)
(10.000000,1.264911,-41.742065)

(10.000000,0.000000,0.000000)
(10.000000,10.751744,-38.579787)

(-10.000000,0.000000,-10.000000)
(-10.000000,1.264911,-41.742065)

(-10.000000,0.000000,-20.000000)
(-10.000000,-8.221922,-44.904343)

(0.000000,10.000000,-15.000000)
(0.000000,-0.316228,-52.810037)

(10.000000,0.000000,-20.000000)
(10.000000,-8.221922,-44.904343)

(10.000000,0.000000,-10.000000)
(10.000000,1.264911,-41.742065)

(-10.000000,0.000000,-20.000000)
(-10.000000,-8.221922,-44.904343)

(-10.000000,0.000000,-30.000000)
(-10.000000,-17.708755,-48.066620)

(0.000000,20.000000,-25.000000)
(0.000000,-6.640783,-65.459148)

(10.000000,0.000000,-30.000000)
(10.000000,-17.708755,-48.066620)

(10.000000,0.000000,-20.000000)
(10.000000,-8.221922,-44.904343)

(-10.000000,10.751744,-38.579787)
(-10.000000,1.264911,-41.742065)
(0.000000,-1.897367,-48.066620)
(10.000000,1.264911,-41.742065)
(10.000000,10.751744,-38.579787)
(-10.000000,1.264911,-41.742065)
(-10.000000,-8.221922,-44.904343)
(0.000000,-0.316228,-52.810037)
(10.000000,-8.221922,-44.904343)
(10.000000,1.264911,-41.742065)
(-10.000000,-8.221922,-44.904343)
(-10.000000,-17.708755,-48.066620)
(0.000000,-6.640783,-65.459148)
(10.000000,-17.708755,-48.066620)
(10.000000,-8.221922,-44.904343)

Starting viewing transform ...
