u: 
(1.000000,-0.000000,0.000000)
v: 
(0.000000,0.980581,0.196116)
w: 
(-0.000000,-0.196116,0.980581)
cam.pos: 
(0.000000,0.000000,60.000000)
(-10.000000,0.000000,0.000000)
(-10.000000,-11.766968,-58.834841)

(-10.000000,0.000000,-10.000000)
(-10.000000,-13.728129,-68.640647)

(0.000000,5.000000,-15.000000)
(0.000000,-9.805807,-74.524131)

(10.000000,0.000000,-10.000000)
(10.000000,-13.728129,-68.640647)

(10.000000,0.000000,0.000000)
(10.000000,-11.766968,-58.834841)

(-10.000000,0.000000,-10.000000)
(-10.000000,-13.728129,-68.640647)

(-10.000000,0.000000,-20.000000)
(-10.000000,-15.689291,-78.446454)

(0.000000,10.000000,-15.000000)
(0.000000,-4.902903,-75.504712)

(10.000000,0.000000,-20.000000)
(10.000000,-15.689291,-78.446454)

(10.000000,0.000000,-10.000000)
(10.000000,-13.728129,-68.640647)

Starting viewing transform ...
