u: 
(1.000000,-0.000000,0.000000)
v: 
(0.000000,0.819232,0.573462)
w: 
(-0.000000,-0.573462,0.819232)
cam.pos: 
(0.000000,-25.000000,30.000000)
(-10.000000,0.000000,0.000000)
(-10.000000,3.276928,-38.913516)

(-10.000000,0.000000,-10.000000)
(-10.000000,-2.457696,-47.105835)

(0.000000,5.000000,-5.000000)
(0.000000,4.505776,-45.876988)

(10.000000,0.000000,-10.000000)
(10.000000,-2.457696,-47.105835)

(10.000000,0.000000,0.000000)
(10.000000,3.276928,-38.913516)

(-10.000000,3.276928,-38.913516)
(-10.000000,-2.457696,-47.105835)
(0.000000,4.505776,-45.876988)
(10.000000,-2.457696,-47.105835)
(10.000000,3.276928,-38.913516)

Starting viewing transform ...
