u: 
(1.000000,-0.000000,0.000000)
v: 
(0.000000,0.980581,0.196116)
w: 
(-0.000000,-0.196116,0.980581)
cam.pos: 
(0.000000,0.000000,60.000000)
(-10.000000,0.000000,0.000000)
(-10.000000,-11.766968,-58.834841)

(-10.000000,0.000000,-10.000000)
(-10.000000,-13.728129,-68.640647)

(0.000000,5.000000,-5.000000)
(0.000000,-7.844645,-64.718325)

(10.000000,0.000000,-10.000000)
(10.000000,-13.728129,-68.640647)

(10.000000,0.000000,0.000000)
(10.000000,-11.766968,-58.834841)

Starting viewing transform ...
u: 
(1.000000,-0.000000,0.000000)
v: 
(0.000000,0.941742,0.336336)
w: 
(-0.000000,-0.336336,0.941742)
cam.pos: 
(0.000000,-10.000000,45.000000)
(-10.000000,0.000000,0.000000)
(-10.000000,-5.717719,-45.741750)

(-10.000000,0.000000,-10.000000)
(-10.000000,-9.081083,-55.159169)

(0.000000,5.000000,-5.000000)
(0.000000,-2.690691,-52.132142)

(10.000000,0.000000,-10.000000)
(10.000000,-9.081083,-55.159169)

(10.000000,0.000000,0.000000)
(10.000000,-5.717719,-45.741750)

Starting viewing transform ...
u: 
(1.000000,-0.000000,0.000000)
v: 
(0.000000,0.819232,0.573462)
w: 
(-0.000000,-0.573462,0.819232)
cam.pos: 
(0.000000,-25.000000,30.000000)
(-10.000000,0.000000,0.000000)
(-10.000000,3.276928,-38.913516)

(-10.000000,0.000000,-10.000000)
(-10.000000,-2.457696,-47.105835)

(0.000000,5.000000,-5.000000)
(0.000000,4.505776,-45.876988)

(10.000000,0.000000,-10.000000)
(10.000000,-2.457696,-47.105835)

(10.000000,0.000000,0.000000)
(10.000000,3.276928,-38.913516)

Starting viewing transform ...
u: 
(1.000000,-0.000000,0.000000)
v: 
(0.000000,0.447214,0.894427)
w: 
(-0.000000,-0.894427,0.447214)
cam.pos: 
(0.000000,-35.000000,10.000000)
(-10.000000,0.000000,0.000000)
(-10.000000,6.708204,-35.777088)

(-10.000000,0.000000,-10.000000)
(-10.000000,-2.236068,-40.249224)

(0.000000,5.000000,-5.000000)
(0.000000,4.472136,-42.485292)

(10.000000,0.000000,-10.000000)
(10.000000,-2.236068,-40.249224)

(10.000000,0.000000,0.000000)
(10.000000,6.708204,-35.777088)

Starting viewing transform ...
u: 
(1.000000,-0.000000,0.000000)
v: 
(0.000000,0.316228,0.948683)
w: 
(-0.000000,-0.948683,0.316228)
cam.pos: 
(0.000000,-40.000000,2.000000)
(-10.000000,0.000000,0.000000)
(-10.000000,10.751744,-38.579787)

(-10.000000,0.000000,-10.000000)
(-10.000000,1.264911,-41.742065)

(0.000000,5.000000,-5.000000)
(0.000000,7.589466,-44.904343)

(10.000000,0.000000,-10.000000)
(10.000000,1.264911,-41.742065)

(10.000000,0.000000,0.000000)
(10.000000,10.751744,-38.579787)

Starting viewing transform ...
